100
-1 23 62 32 71 76 45 99 62 71 34 13 45 29 89 52 76 11 16 79 9 68 50 77 52 9 28 54 79 35 87 2 96 72 13 21 34 9 91 81 5 95 39 34 51 28 34 30 6 84 5 45 94 33 63 4 36 71 39 68 84 8 9 19 99 4 51 13 88 99 87 32 88 39 3 45 81 57 43 76 62 4 85 62 68 16 98 47 36 81 11 63 12 90 86 23 77 21 77 42 
23 -1 5 15 36 97 48 69 78 20 30 8 42 87 63 62 79 19 92 49 30 75 41 78 72 39 86 6 99 1 80 40 55 67 57 46 39 2 43 80 61 17 17 21 26 30 14 48 12 73 54 34 18 47 19 85 32 75 32 34 63 66 32 82 46 21 30 91 100 65 53 20 27 78 74 98 60 68 69 14 91 76 94 24 66 26 75 49 1 59 80 75 6 99 74 53 81 35 14 61 
62 5 -1 10 41 33 35 26 98 95 48 2 8 92 54 7 79 79 30 93 25 43 9 96 50 46 21 24 68 79 34 44 82 20 98 94 44 39 12 49 98 92 18 59 100 54 84 35 62 66 38 80 48 89 29 1 94 51 42 56 76 13 70 81 37 5 31 13 44 81 73 47 11 90 66 40 59 87 20 66 20 84 20 41 42 16 48 36 49 14 32 38 4 50 98 65 57 32 84 37 
32 15 10 -1 48 36 14 55 71 12 60 17 59 38 60 10 47 16 92 66 74 3 40 22 68 80 86 7 40 94 5 35 88 92 61 11 96 22 20 59 92 45 95 6 21 6 64 23 29 89 100 87 25 76 33 24 44 34 97 43 2 60 73 72 16 53 40 41 72 62 16 73 61 26 47 57 46 34 41 33 30 96 59 90 77 23 53 28 14 14 66 83 45 42 64 73 79 22 87 36 
71 36 41 48 -1 38 20 80 47 48 72 13 33 31 13 50 38 84 3 29 55 7 77 91 98 18 79 93 28 41 88 52 58 56 59 87 89 75 5 89 72 60 60 36 97 35 16 69 9 59 71 15 76 81 70 89 57 66 41 15 13 56 38 82 57 67 74 42 75 60 49 90 42 21 68 33 66 16 76 40 56 20 10 88 2 86 82 12 51 22 76 6 69 21 56 25 10 51 85 41 
76 97 33 36 38 -1 50 87 31 31 68 10 34 55 46 68 89 89 65 5 56 22 45 2 82 50 74 31 4 52 26 2 96 3 24 49 45 21 34 23 49 87 33 56 65 22 39 64 44 18 85 86 10 50 28 72 72 96 42 77 8 42 72 59 25 31 71 56 30 6 89 23 48 39 21 74 39 23 14 29 63 36 5 9 80 45 24 98 16 64 85 93 1 22 100 22 47 5 42 60 
45 48 35 14 20 50 -1 45 86 7 82 5 48 96 1 37 26 45 95 62 4 88 65 4 44 45 12 80 80 44 67 5 80 77 80 59 48 9 83 57 37 39 92 63 41 45 57 63 32 95 15 91 64 18 8 19 45 7 35 24 55 20 64 45 42 11 22 69 38 31 19 79 11 68 87 31 18 3 37 49 81 21 13 22 66 32 98 69 8 80 5 75 32 93 23 87 61 92 49 1 
99 69 26 55 80 87 45 -1 75 10 2 23 77 79 94 59 10 92 40 78 53 27 37 61 76 88 58 37 41 25 40 94 37 87 9 19 11 27 42 17 49 74 17 65 4 2 10 22 44 89 14 40 94 62 49 85 25 71 63 19 77 100 18 70 35 24 88 86 35 29 98 93 27 77 73 67 75 38 1 86 89 76 36 31 16 2 32 71 62 72 54 24 83 40 6 80 16 24 35 15 
62 78 98 71 47 31 86 75 -1 57 12 59 83 44 97 8 98 33 58 99 50 99 82 92 49 89 49 17 90 26 38 12 68 87 43 51 19 67 10 65 35 16 32 20 92 51 95 84 43 58 44 30 8 74 29 4 2 56 49 14 15 5 54 53 64 37 21 75 36 54 44 39 70 23 31 75 14 21 60 14 8 67 94 30 83 68 47 24 13 3 20 87 21 90 99 91 44 24 66 92 
71 20 95 12 48 31 7 10 57 -1 58 75 89 55 34 44 8 87 85 78 66 17 29 85 3 91 27 93 27 3 11 29 26 84 29 63 35 48 14 78 87 68 57 64 84 83 87 33 58 90 95 28 10 5 94 43 71 50 56 38 16 59 34 47 43 84 38 97 85 89 21 19 74 85 16 25 29 62 25 28 21 48 13 22 64 88 47 87 93 33 54 74 1 63 12 57 3 93 93 49 
34 30 48 60 72 68 82 2 12 58 -1 54 54 72 97 83 19 57 86 58 71 41 79 69 42 61 55 49 56 98 7 61 49 97 40 15 93 76 23 74 50 54 39 19 74 29 97 13 9 72 24 23 56 20 14 76 68 9 38 41 75 42 89 20 66 44 26 68 63 80 84 60 100 75 93 59 86 20 13 88 22 76 98 96 27 84 36 14 81 19 79 68 44 50 63 93 59 17 76 4 
13 8 2 17 13 10 5 23 59 75 54 -1 69 88 91 18 23 16 23 22 4 38 74 92 89 75 24 94 94 12 54 70 77 25 97 20 88 46 75 89 2 85 74 25 85 76 58 66 95 88 14 52 59 45 55 74 12 9 36 98 60 62 14 81 14 97 56 37 81 61 86 100 94 96 58 44 7 92 92 49 86 69 82 36 16 73 39 12 13 25 63 16 68 78 55 30 44 97 94 46 
45 42 8 59 33 34 48 77 83 89 54 69 -1 97 31 64 24 85 39 78 32 83 59 68 82 47 88 17 52 24 35 100 9 42 39 85 56 61 59 61 24 59 60 28 42 46 43 22 45 31 5 28 70 68 42 70 21 69 28 45 78 2 74 84 27 33 68 50 94 10 25 83 96 6 9 23 89 34 55 75 80 23 31 72 13 71 29 62 44 85 56 42 35 97 77 81 90 86 45 35 
29 87 92 38 31 55 96 79 44 55 72 88 97 -1 39 40 70 6 19 46 63 73 45 80 71 30 65 98 5 27 76 8 93 94 4 41 42 98 23 82 39 73 71 40 95 84 77 84 78 5 68 41 58 44 36 63 87 32 49 67 54 19 6 79 27 99 33 77 83 44 75 29 63 40 20 60 27 45 85 53 91 45 69 87 60 57 76 84 37 76 14 49 21 82 85 2 76 46 3 57 
89 63 54 60 13 46 1 94 97 34 97 91 31 39 -1 30 6 64 10 99 30 11 18 100 71 42 62 55 8 23 31 10 42 86 4 29 4 7 48 6 71 89 88 90 7 43 23 26 74 92 33 43 51 40 18 7 16 32 8 15 89 31 98 87 19 27 11 16 77 26 10 100 54 51 37 25 75 81 96 12 64 68 4 56 18 17 3 63 94 29 91 43 72 95 29 17 9 68 89 66 
52 62 7 10 50 68 37 59 8 44 83 18 64 40 30 -1 42 79 44 45 4 87 1 40 93 30 9 87 50 1 64 78 77 49 36 9 43 22 20 6 17 19 67 79 87 45 33 52 98 75 78 15 42 16 84 32 36 3 81 52 80 39 40 67 66 85 72 82 92 67 24 15 30 83 11 74 89 68 60 22 33 40 5 6 17 55 60 96 85 55 82 57 99 56 45 96 40 38 75 56 
76 79 79 47 38 89 26 10 98 8 19 23 24 70 6 42 -1 57 49 85 20 8 17 26 26 33 13 78 17 58 100 76 30 63 47 52 72 91 70 83 47 54 2 53 62 62 45 11 68 21 87 19 57 30 69 16 89 99 57 96 54 79 39 81 15 44 31 45 93 49 76 68 18 88 1 19 28 35 94 87 36 64 11 39 73 13 12 34 25 17 50 94 12 60 92 31 97 77 22 67 
11 19 79 16 84 89 45 92 33 87 57 16 85 6 64 79 57 -1 86 84 22 6 2 72 77 64 21 14 38 97 100 99 8 89 13 45 53 97 74 90 47 31 12 74 100 50 31 94 99 47 62 53 58 43 47 42 22 55 44 58 36 15 90 26 71 37 10 26 41 76 39 56 78 69 76 44 13 38 45 49 98 14 67 10 35 32 90 9 50 83 54 25 9 44 21 27 23 56 99 11 
16 92 30 92 3 65 95 40 58 85 86 23 39 19 10 44 49 86 -1 45 40 33 93 24 92 56 68 27 76 19 53 39 5 20 22 33 15 84 37 96 60 46 8 81 45 17 62 55 91 23 2 12 14 17 60 37 50 8 76 11 31 34 48 3 71 17 57 53 67 46 41 2 73 61 31 91 5 95 46 36 59 78 38 16 65 65 63 12 59 14 93 31 91 38 52 60 10 48 78 25 
79 49 93 66 29 5 62 78 99 78 58 22 78 46 99 45 85 84 45 -1 26 52 10 7 72 23 75 52 43 37 75 16 17 90 72 35 31 36 12 28 99 29 91 77 16 41 16 77 51 45 17 13 12 89 55 45 13 24 72 38 38 89 4 84 70 70 82 11 12 91 5 36 89 37 19 92 68 27 94 35 22 13 45 72 15 83 49 96 75 62 39 80 31 78 16 65 31 59 84 23 
9 30 25 74 55 56 4 53 50 66 71 4 32 63 30 4 20 22 40 26 -1 91 52 22 81 21 10 58 76 23 22 40 51 25 28 58 42 40 34 60 39 75 40 16 88 37 44 68 13 58 54 99 60 54 52 13 3 50 72 4 85 41 69 74 37 50 28 67 84 39 53 73 98 97 25 64 64 85 16 74 17 46 79 93 20 16 39 51 85 68 83 2 37 11 26 29 3 81 78 57 
68 75 43 3 7 22 88 27 99 17 41 38 83 73 11 87 8 6 33 52 91 -1 71 34 42 74 96 10 44 23 33 36 3 81 40 29 69 23 61 34 89 97 21 47 31 50 92 35 87 23 1 87 32 71 88 31 73 42 51 64 27 75 72 56 54 53 63 14 37 30 81 95 68 67 67 92 4 60 2 97 76 73 91 29 99 95 84 74 96 49 77 5 94 91 77 92 71 56 80 14 
50 41 9 40 77 45 65 37 82 29 79 74 59 45 18 1 17 2 93 10 52 71 -1 21 26 89 1 80 11 37 75 23 38 77 94 50 83 11 33 64 45 22 74 77 79 68 4 48 54 84 58 90 22 5 22 8 97 90 32 28 13 77 44 75 22 77 2 82 35 18 56 75 49 16 5 1 99 96 92 78 69 89 1 55 14 43 5 24 100 68 40 71 12 32 64 70 12 80 5 18 
77 78 96 22 91 2 4 61 92 85 69 92 68 80 100 40 26 72 24 7 22 34 21 -1 9 37 90 8 83 21 45 93 57 51 78 51 1 58 54 98 67 70 65 10 30 91 60 27 57 79 49 26 12 1 33 93 18 56 95 18 28 93 44 51 52 71 98 92 45 69 5 91 46 42 58 30 77 55 17 20 31 28 48 84 7 50 24 51 63 40 85 61 32 77 37 26 87 3 12 1 
52 72 50 68 98 82 44 76 49 3 42 89 82 71 71 93 26 77 92 72 81 42 26 9 -1 63 100 28 97 98 71 26 14 10 45 92 6 82 98 48 91 57 37 22 39 100 21 26 82 8 42 88 1 9 75 57 27 10 46 27 29 38 97 32 90 47 98 35 25 39 93 28 69 83 97 83 53 81 13 55 33 91 69 91 100 12 88 5 68 14 85 83 63 82 33 46 2 47 20 15 
9 39 46 80 18 50 45 88 89 91 61 75 47 30 42 30 33 64 56 23 21 74 89 37 63 -1 34 84 17 51 12 37 2 20 78 33 56 64 91 48 2 72 76 94 25 97 33 89 69 17 71 14 84 76 83 10 10 68 88 56 86 87 11 96 28 64 88 99 100 61 15 76 21 50 76 66 84 97 60 15 10 38 89 85 86 98 63 83 16 95 76 98 53 23 40 79 91 35 97 12 
28 86 21 86 79 74 12 58 49 27 55 24 88 65 62 9 13 21 68 75 10 96 1 90 100 34 -1 98 60 82 98 93 33 21 66 88 94 14 29 87 28 5 72 69 93 59 91 56 58 89 3 34 77 97 89 27 81 43 12 24 79 43 69 65 38 57 60 58 48 18 67 20 6 66 14 51 71 10 48 60 2 26 5 22 92 98 44 64 19 8 31 3 3 88 47 12 81 51 94 15 
54 6 24 7 93 31 80 37 17 93 49 94 17 98 55 87 78 14 27 52 58 10 80 8 28 84 98 -1 8 25 7 41 56 84 87 56 31 1 76 58 33 58 60 83 61 41 54 24 7 32 28 7 88 81 89 28 54 62 82 71 85 87 33 22 19 93 7 35 89 5 37 76 77 54 20 97 57 1 89 86 76 57 28 60 20 64 90 43 23 58 98 89 31 69 58 83 84 73 31 15 
79 99 68 40 28 4 80 41 90 27 56 94 52 5 8 50 17 38 76 43 76 44 11 83 97 17 60 8 -1 61 99 92 49 9 40 54 60 99 44 58 15 36 60 31 53 69 38 84 31 38 76 24 86 86 9 60 32 95 24 48 34 3 84 64 75 88 100 27 22 90 1 19 29 51 87 55 76 84 90 18 84 94 65 34 46 25 52 25 63 67 68 4 100 48 26 53 100 61 69 51 
35 1 79 94 41 52 44 25 26 3 98 12 24 27 23 1 58 97 19 37 23 23 37 21 98 51 82 25 61 -1 13 51 76 5 5 21 37 1 11 93 59 73 95 80 68 58 72 66 79 78 70 83 79 89 13 69 25 73 93 70 42 57 66 77 41 95 50 48 76 79 92 46 37 60 78 6 62 89 34 71 99 40 47 19 1 23 39 77 5 3 31 96 43 64 1 81 51 49 52 28 
87 80 34 5 88 26 67 40 38 11 7 54 35 76 31 64 100 100 53 75 22 33 75 45 71 12 98 7 99 13 -1 73 94 91 70 21 100 71 8 56 10 86 88 45 11 44 81 56 30 22 89 87 37 54 41 53 93 17 47 89 6 47 4 89 94 64 69 19 62 92 6 35 81 66 55 51 44 15 2 44 91 22 3 49 61 82 57 68 53 44 4 89 35 54 62 77 39 4 83 59 
2 40 44 35 52 2 5 94 12 29 61 70 100 8 10 78 76 99 39 16 40 36 23 93 26 37 93 41 92 51 73 -1 59 91 84 76 24 97 49 60 90 40 41 78 51 59 41 39 83 7 86 69 16 86 74 48 81 52 84 61 60 66 70 42 75 95 42 81 80 90 22 48 49 78 60 23 9 48 84 8 44 4 95 89 19 5 13 27 1 4 21 90 14 36 12 36 28 16 57 78 
96 55 82 88 58 96 80 37 68 26 49 77 9 93 42 77 30 8 5 17 51 3 38 57 14 2 33 56 49 76 94 59 -1 17 7 99 92 29 33 30 42 80 75 90 1 89 3 21 38 30 95 88 52 25 25 16 77 30 98 74 79 91 37 83 100 86 91 34 42 16 40 61 42 75 27 77 29 33 95 30 1 57 20 10 49 96 33 16 82 61 87 74 60 16 95 58 8 6 18 27 
72 67 20 92 56 3 77 87 87 84 97 25 42 94 86 49 63 89 20 90 25 81 77 51 10 20 21 84 9 5 91 91 17 -1 3 4 58 99 90 95 20 42 64 13 34 63 16 24 75 70 43 23 38 46 39 98 6 1 34 17 26 66 65 62 47 92 54 20 25 56 22 11 50 79 12 95 59 2 95 69 61 47 23 17 8 69 44 70 57 57 93 24 78 78 43 17 89 64 48 24 
13 57 98 61 59 24 80 9 43 29 40 97 39 4 4 36 47 13 22 72 28 40 94 78 45 78 66 87 40 5 70 84 7 3 -1 49 29 23 23 43 10 54 92 74 92 30 22 28 82 15 3 60 57 59 15 59 52 90 82 4 14 11 48 97 60 74 100 33 58 31 9 15 97 34 23 94 41 12 7 20 22 89 73 30 53 51 17 27 82 4 23 25 79 6 88 41 66 36 3 87 
21 46 94 11 87 49 59 19 51 63 15 20 85 41 29 9 52 45 33 35 58 29 50 51 92 33 88 56 54 21 21 76 99 4 49 -1 31 85 11 15 14 57 26 18 56 29 14 36 77 36 77 77 36 78 21 58 38 86 78 64 72 37 23 83 37 63 95 15 59 59 45 46 56 17 62 64 59 67 65 48 45 71 79 31 60 72 12 16 17 59 74 46 82 55 54 77 82 99 20 79 
34 39 44 96 89 45 48 11 19 35 93 88 56 42 4 43 72 53 15 31 42 69 83 1 6 56 94 31 60 37 100 24 92 58 29 31 -1 46 85 61 91 21 21 73 81 69 87 20 43 5 100 100 57 71 49 49 13 22 73 96 71 67 24 10 91 27 88 33 61 17 37 48 25 66 73 40 30 8 33 81 79 99 74 53 62 9 72 77 92 33 23 64 15 77 83 32 25 3 29 46 
9 2 39 22 75 21 9 27 67 48 76 46 61 98 7 22 91 97 84 36 40 23 11 58 82 64 14 1 99 1 71 97 29 99 23 85 46 -1 74 19 95 34 78 45 27 33 84 73 9 33 20 85 97 7 43 1 3 66 28 41 70 71 15 49 22 40 15 99 50 23 27 77 79 65 60 95 47 48 42 96 76 41 38 73 25 66 18 24 55 15 72 82 66 48 8 17 30 90 4 96 
91 43 12 20 5 34 83 42 10 14 23 75 59 23 48 20 70 74 37 12 34 61 33 54 98 91 29 76 44 11 8 49 33 90 23 11 85 74 -1 69 73 66 19 59 82 79 61 56 50 72 39 12 19 85 35 4 26 59 2 52 3 20 91 20 67 29 77 93 60 100 33 61 50 89 70 91 47 29 23 60 37 81 56 8 79 86 73 30 89 95 80 55 38 11 33 36 51 53 78 62 
81 80 49 59 89 23 57 17 65 78 74 89 61 82 6 6 83 90 96 28 60 34 64 98 48 48 87 58 58 93 56 60 30 95 43 15 61 19 69 -1 94 2 50 28 60 37 48 36 25 86 68 29 44 18 43 80 76 21 78 41 31 7 13 91 42 99 37 8 65 28 69 38 70 28 69 39 81 51 43 17 2 15 9 40 1 50 53 46 65 34 86 67 15 11 83 89 53 62 52 81 
5 61 98 92 72 49 37 49 35 87 50 2 24 39 71 17 47 47 60 99 39 89 45 67 91 2 28 33 15 59 10 90 42 20 10 14 91 95 73 94 -1 47 53 51 20 35 11 97 37 41 4 33 71 99 52 87 2 73 31 36 67 28 41 89 6 22 58 79 93 15 18 6 34 3 3 28 56 28 29 59 96 88 85 50 47 97 11 38 63 1 29 6 31 26 17 72 34 23 79 76 
95 17 92 45 60 87 39 74 16 68 54 85 59 73 89 19 54 31 46 29 75 97 22 70 57 72 5 58 36 73 86 40 80 42 54 57 21 34 66 2 47 -1 71 72 98 65 70 99 29 63 99 20 13 6 19 71 18 65 73 68 99 66 8 19 76 75 76 64 78 85 21 60 1 22 25 14 100 7 38 83 34 29 93 34 27 41 87 70 6 2 99 20 6 64 77 18 10 92 98 88 
39 17 18 95 60 33 92 17 32 57 39 74 60 71 88 67 2 12 8 91 40 21 74 65 37 76 72 60 60 95 88 41 75 64 92 26 21 78 19 50 53 71 -1 64 73 95 14 59 36 86 67 80 69 69 66 38 77 20 23 96 45 36 78 94 40 47 78 27 78 28 89 18 53 98 14 75 43 7 2 28 1 15 30 12 81 92 78 82 16 21 83 86 51 94 10 93 33 84 60 68 
34 21 59 6 36 56 63 65 20 64 19 25 28 40 90 79 53 74 81 77 16 47 77 10 22 94 69 83 31 80 45 78 90 13 74 18 73 45 59 28 51 72 64 -1 74 75 25 59 35 80 96 15 91 19 6 5 72 22 41 44 85 6 67 85 16 69 97 91 17 72 59 96 30 69 59 28 82 43 51 86 96 56 21 99 94 28 100 80 42 38 58 73 16 46 73 87 31 95 100 20 
51 26 100 21 97 65 41 4 92 84 74 85 42 95 7 87 62 100 45 16 88 31 79 30 39 25 93 61 53 68 11 51 1 34 92 56 81 27 82 60 20 98 73 74 -1 9 72 59 73 70 44 99 55 87 14 93 75 98 50 37 45 25 67 84 63 69 41 52 6 67 6 56 88 18 87 88 35 67 20 81 17 29 19 8 8 12 36 7 95 100 78 87 48 54 35 98 18 28 85 90 
28 30 54 6 35 22 45 2 51 83 29 76 46 84 43 45 62 50 17 41 37 50 68 91 100 97 59 41 69 58 44 59 89 63 30 29 69 33 79 37 35 65 95 75 9 -1 44 87 75 94 38 98 56 21 95 44 75 66 53 27 14 7 26 26 25 43 1 79 11 9 29 33 74 86 65 86 64 97 35 96 78 86 81 18 42 29 85 93 62 78 39 23 88 96 80 7 17 2 76 20 
34 14 84 64 16 39 57 10 95 87 97 58 43 77 23 33 45 31 62 16 44 92 4 60 21 33 91 54 38 72 81 41 3 16 22 14 87 84 61 48 11 70 14 25 72 44 -1 12 95 95 32 92 54 10 44 86 19 41 65 83 86 89 9 37 56 100 96 95 53 12 24 86 49 90 36 34 55 11 84 57 64 100 61 86 93 20 5 30 15 12 29 86 75 74 42 35 62 25 3 33 
30 48 35 23 69 64 63 22 84 33 13 66 22 84 26 52 11 94 55 77 68 35 48 27 26 89 56 24 84 66 56 39 21 24 28 36 20 73 56 36 97 99 59 59 59 87 12 -1 45 39 33 2 41 15 13 19 19 60 27 93 71 50 1 65 17 39 17 72 70 26 20 54 84 97 10 73 3 73 26 34 58 76 38 79 51 68 48 84 34 32 59 60 44 56 32 97 34 44 15 76 
6 12 62 29 9 44 32 44 43 58 9 95 45 78 74 98 68 99 91 51 13 87 54 57 82 69 58 7 31 79 30 83 38 75 82 77 43 9 50 25 37 29 36 35 73 75 95 45 -1 86 100 34 73 82 76 89 3 91 77 12 11 10 46 24 75 83 34 77 3 36 78 77 69 11 24 55 94 16 30 32 22 99 64 38 57 75 50 7 16 67 56 77 96 83 27 68 49 96 9 88 
84 73 66 89 59 18 95 89 58 90 72 88 31 5 92 75 21 47 23 45 58 23 84 79 8 17 89 32 38 78 22 7 30 70 15 36 5 33 72 86 41 63 86 80 70 94 95 39 86 -1 83 65 49 95 40 3 97 99 75 12 24 94 29 9 67 53 81 53 13 34 37 76 16 26 27 43 24 77 97 7 31 76 18 65 26 14 47 60 86 95 5 1 62 44 37 79 83 100 6 28 
5 54 38 100 71 85 15 14 44 95 24 14 5 68 33 78 87 62 2 17 54 1 58 49 42 71 3 28 76 70 89 86 95 43 3 77 100 20 39 68 4 99 67 96 44 38 32 33 100 83 -1 64 66 81 75 17 51 45 58 50 38 86 60 51 11 96 97 32 9 20 100 100 62 77 56 89 40 1 25 49 70 30 100 93 5 69 29 34 17 43 83 53 21 65 6 97 59 21 81 54 
45 34 80 87 15 86 91 40 30 28 23 52 28 41 43 15 19 53 12 13 99 87 90 26 88 14 34 7 24 83 87 69 88 23 60 77 100 85 12 29 33 20 80 15 99 98 92 2 34 65 64 -1 1 18 77 30 77 50 66 14 49 30 70 43 96 53 91 7 76 16 24 8 69 70 44 48 77 43 27 98 42 12 8 35 65 62 11 76 39 42 86 50 59 73 39 67 95 3 100 92 
94 18 48 25 76 10 64 94 8 10 56 59 70 58 51 42 57 58 14 12 60 32 22 12 1 84 77 88 86 79 37 16 52 38 57 36 57 97 19 44 71 13 69 91 55 56 54 41 73 49 66 1 -1 74 34 18 65 14 63 56 13 30 62 22 84 96 74 60 100 42 68 81 68 40 94 5 39 39 22 83 4 18 100 57 64 69 89 41 26 85 83 68 63 29 78 32 30 80 16 98 
33 47 89 76 81 50 18 62 74 5 20 45 68 44 40 16 30 43 17 89 54 71 5 1 9 76 97 81 86 89 54 86 25 46 59 78 71 7 85 18 99 6 69 19 87 21 10 15 82 95 81 18 74 -1 17 81 94 82 38 81 78 76 55 64 31 23 69 66 22 88 20 4 83 1 90 42 67 96 66 71 21 12 15 23 48 11 14 13 28 77 91 19 88 7 41 38 26 100 77 31 
63 19 29 33 70 28 8 49 29 94 14 55 42 36 18 84 69 47 60 55 52 88 22 33 75 83 89 89 9 13 41 74 25 39 15 21 49 43 35 43 52 19 66 6 14 95 44 13 76 40 75 77 34 17 -1 54 75 96 12 92 6 80 53 6 70 20 15 52 54 6 94 8 98 31 10 4 23 56 28 94 67 15 29 92 83 55 35 39 4 30 44 66 29 72 48 30 50 71 2 68 
4 85 1 24 89 72 19 85 4 43 76 74 70 63 7 32 16 42 37 45 13 31 8 93 57 10 27 28 60 69 53 48 16 98 59 58 49 1 4 80 87 71 38 5 93 44 86 19 89 3 17 30 18 81 54 -1 82 8 91 53 66 64 26 43 10 92 46 77 99 52 22 42 74 42 35 80 59 79 16 29 59 94 19 60 12 31 93 95 78 42 8 80 10 52 23 91 25 70 22 67 
36 32 94 44 57 72 45 25 2 71 68 12 21 87 16 36 89 22 50 13 3 73 97 18 27 10 81 54 32 25 93 81 77 6 52 38 13 3 26 76 2 18 77 72 75 75 19 19 3 97 51 77 65 94 75 82 -1 78 72 85 79 96 24 13 33 83 77 4 54 38 36 57 91 55 36 35 23 56 99 41 66 23 25 53 7 15 100 6 49 63 49 88 91 54 28 47 54 54 62 17 
71 75 51 34 66 96 7 71 56 50 9 9 69 32 32 3 99 55 8 24 50 42 90 56 10 68 43 62 95 73 17 52 30 1 90 86 22 66 59 21 73 65 20 22 98 66 41 60 91 99 45 50 14 82 96 8 78 -1 69 27 50 7 29 89 35 38 39 8 55 59 14 80 44 71 29 66 55 16 4 80 65 37 76 38 33 70 97 19 48 28 7 9 62 19 78 22 56 100 76 64 
39 32 42 97 41 42 35 63 49 56 38 36 28 49 8 81 57 44 76 72 72 51 32 95 46 88 12 82 24 93 47 84 98 34 82 78 73 28 2 78 31 73 23 41 50 53 65 27 77 75 58 66 63 38 12 91 72 69 -1 36 46 43 11 100 51 89 83 31 39 17 27 96 65 82 78 81 56 95 24 34 51 78 45 95 50 68 86 52 10 70 57 2 67 64 56 30 97 63 79 54 
68 34 56 43 15 77 24 19 14 38 41 98 45 67 15 52 96 58 11 38 4 64 28 18 27 56 24 71 48 70 89 61 74 17 4 64 96 41 52 41 36 68 96 44 37 27 83 93 12 12 50 14 56 81 92 53 85 27 36 -1 24 98 2 40 37 47 83 8 58 10 88 63 5 83 29 34 19 3 72 56 48 25 21 81 15 69 46 38 54 83 8 37 30 68 70 52 91 41 46 99 
84 63 76 2 13 8 55 77 15 16 75 60 78 54 89 80 54 36 31 38 85 27 13 28 29 86 79 85 34 42 6 60 79 26 14 72 71 70 3 31 67 99 45 85 45 14 86 71 11 24 38 49 13 78 6 66 79 50 46 24 -1 72 84 41 60 76 35 95 95 52 72 54 87 37 29 93 14 50 87 76 59 87 72 95 5 82 2 15 30 60 37 73 68 11 42 34 42 42 85 83 
8 66 13 60 56 42 20 100 5 59 42 62 2 19 31 39 79 15 34 89 41 75 77 93 38 87 43 87 3 57 47 66 91 66 11 37 67 71 20 7 28 66 36 6 25 7 89 50 10 94 86 30 30 76 80 64 96 7 43 98 72 -1 39 82 79 44 13 90 59 84 97 72 8 48 10 90 33 60 91 69 23 67 63 18 18 42 15 41 87 4 86 74 53 48 52 94 88 14 35 86 
9 32 70 73 38 72 64 18 54 34 89 14 74 6 98 40 39 90 48 4 69 72 44 44 97 11 69 33 84 66 4 70 37 65 48 23 24 15 91 13 41 8 78 67 67 26 9 1 46 29 60 70 62 55 53 26 24 29 11 2 84 39 -1 19 55 84 91 48 50 17 68 79 81 47 12 74 78 1 43 22 79 44 83 16 73 13 8 5 66 37 72 44 35 6 52 57 37 10 56 59 
19 82 81 72 82 59 45 70 53 47 20 81 84 79 87 67 81 26 3 84 74 56 75 51 32 96 65 22 64 77 89 42 83 62 97 83 10 49 20 91 89 19 94 85 84 26 37 65 24 9 51 43 22 64 6 43 13 89 100 40 41 82 19 -1 87 90 74 56 67 21 34 53 30 34 15 37 73 1 9 48 24 19 12 69 36 41 83 4 77 50 2 8 37 52 23 18 70 26 81 8 
99 46 37 16 57 25 42 35 64 43 66 14 27 27 19 66 15 71 71 70 37 54 22 52 90 28 38 19 75 41 94 75 100 47 60 37 91 22 67 42 6 76 40 16 63 25 56 17 75 67 11 96 84 31 70 10 33 35 51 37 60 79 55 87 -1 61 70 42 44 56 28 12 75 55 21 52 11 8 1 94 89 89 21 1 10 55 77 64 57 80 98 46 13 93 100 36 70 42 21 56 
4 21 5 53 67 31 11 24 37 84 44 97 33 99 27 85 44 37 17 70 50 53 77 71 47 64 57 93 88 95 64 95 86 92 74 63 27 40 29 99 22 75 47 69 69 43 100 39 83 53 96 53 96 23 20 92 83 38 89 47 76 44 84 90 61 -1 60 95 28 16 6 32 27 49 56 31 94 12 73 27 63 28 96 74 6 65 22 72 67 1 47 95 90 26 44 24 57 73 47 52 
51 30 31 40 74 71 22 88 21 38 26 56 68 33 11 72 31 10 57 82 28 63 2 98 98 88 60 7 100 50 69 42 91 54 100 95 88 15 77 37 58 76 78 97 41 1 96 17 34 81 97 91 74 69 15 46 77 39 83 83 35 13 91 74 70 60 -1 4 65 35 67 18 19 18 61 84 66 5 14 32 62 27 56 26 71 33 15 12 96 63 44 64 59 42 25 5 82 68 82 52 
13 91 13 41 42 56 69 86 75 97 68 37 50 77 16 82 45 26 53 11 67 14 82 92 35 99 58 35 27 48 19 81 34 20 33 15 33 99 93 8 79 64 27 91 52 79 95 72 77 53 32 7 60 66 52 77 4 8 31 8 95 90 48 56 42 95 4 -1 67 90 61 15 76 65 73 35 95 97 55 93 21 3 75 80 29 28 20 32 83 63 70 31 22 52 37 74 27 28 28 73 
88 100 44 72 75 30 38 35 36 85 63 81 94 83 77 92 93 41 67 12 84 37 35 45 25 100 48 89 22 76 62 80 42 25 58 59 61 50 60 65 93 78 78 17 6 11 53 70 3 13 9 76 100 22 54 99 54 55 39 58 95 59 50 67 44 28 65 67 -1 39 37 84 16 81 16 96 87 9 48 87 91 69 54 6 83 31 60 88 99 43 59 62 66 6 65 84 16 12 92 18 
99 65 81 62 60 6 31 29 54 89 80 61 10 44 26 67 49 76 46 91 39 30 18 69 39 61 18 5 90 79 92 90 16 56 31 59 17 23 100 28 15 85 28 72 67 9 12 26 36 34 20 16 42 88 6 52 38 59 17 10 52 84 17 21 56 16 35 90 39 -1 51 26 45 1 20 50 97 69 11 61 39 100 85 23 36 22 100 35 15 49 26 43 74 77 11 31 27 31 63 58 
87 53 73 16 49 89 19 98 44 21 84 86 25 75 10 24 76 39 41 5 53 81 56 5 93 15 67 37 1 92 6 22 40 22 9 45 37 27 33 69 18 21 89 59 6 29 24 20 78 37 100 24 68 20 94 22 36 14 27 88 72 97 68 34 28 6 67 61 37 51 -1 28 25 64 3 36 85 61 45 15 93 97 51 34 1 32 90 74 59 87 80 28 9 79 81 19 9 84 78 65 
32 20 47 73 90 23 79 93 39 19 60 100 83 29 100 15 68 56 2 36 73 95 75 91 28 76 20 76 19 46 35 48 61 11 15 46 48 77 61 38 6 60 18 96 56 33 86 54 77 76 100 8 81 4 8 42 57 80 96 63 54 72 79 53 12 32 18 15 84 26 28 -1 29 41 10 32 75 94 76 83 59 91 90 97 93 18 32 44 77 5 36 75 19 64 38 44 28 14 53 80 
88 27 11 61 42 48 11 27 70 74 100 94 96 63 54 30 18 78 73 89 98 68 49 46 69 21 6 77 29 37 81 49 42 50 97 56 25 79 50 70 34 1 53 30 88 74 49 84 69 16 62 69 68 83 98 74 91 44 65 5 87 8 81 30 75 27 19 76 16 45 25 29 -1 9 85 55 83 25 74 80 53 55 41 34 18 53 87 86 3 72 27 33 69 90 50 74 63 18 32 98 
39 78 90 26 21 39 68 77 23 85 75 96 6 40 51 83 88 69 61 37 97 67 16 42 83 50 66 54 51 60 66 78 75 79 34 17 66 65 89 28 3 22 98 69 18 86 90 97 11 26 77 70 40 1 31 42 55 71 82 83 37 48 47 34 55 49 18 65 81 1 64 41 9 -1 21 45 99 84 42 51 92 100 39 97 90 83 4 67 58 20 28 88 79 8 22 16 87 81 14 28 
3 74 66 47 68 21 87 73 31 16 93 58 9 20 37 11 1 76 31 19 25 67 5 58 97 76 14 20 87 78 55 60 27 12 23 62 73 60 70 69 3 25 14 59 87 65 36 10 24 27 56 44 94 90 10 35 36 29 78 29 29 10 12 15 21 56 61 73 16 20 3 10 85 21 -1 65 1 20 89 65 82 79 19 16 9 100 72 37 24 74 42 51 81 51 60 14 24 89 44 89 
45 98 40 57 33 74 31 67 75 25 59 44 23 60 25 74 19 44 91 92 64 92 1 30 83 66 51 97 55 6 51 23 77 95 94 64 40 95 91 39 28 14 75 28 88 86 34 73 55 43 89 48 5 42 4 80 35 66 81 34 93 90 74 37 52 31 84 35 96 50 36 32 55 45 65 -1 63 68 16 78 60 49 23 73 62 87 44 10 31 57 27 59 9 93 24 47 93 31 69 96 
81 60 59 46 66 39 18 75 14 29 86 7 89 27 75 89 28 13 5 68 64 4 99 77 53 84 71 57 76 62 44 9 29 59 41 59 30 47 47 81 56 100 43 82 35 64 55 3 94 24 40 77 39 67 23 59 23 55 56 19 14 33 78 73 11 94 66 95 87 97 85 75 83 99 1 63 -1 26 26 44 80 16 12 71 22 84 96 18 15 36 75 76 23 19 48 41 99 23 98 96 
57 68 87 34 16 23 3 38 21 62 20 92 34 45 81 68 35 38 95 27 85 60 96 55 81 97 10 1 84 89 15 48 33 2 12 67 8 48 29 51 28 7 7 43 67 97 11 73 16 77 1 43 39 96 56 79 56 16 95 3 50 60 1 1 8 12 5 97 9 69 61 94 25 84 20 68 26 -1 33 34 11 52 5 37 80 80 1 42 80 19 20 37 28 78 24 63 32 78 95 7 
43 69 20 41 76 14 37 1 60 25 13 92 55 85 96 60 94 45 46 94 16 2 92 17 13 60 48 89 90 34 2 84 95 95 7 65 33 42 23 43 29 38 2 51 20 35 84 26 30 97 25 27 22 66 28 16 99 4 24 72 87 91 43 9 1 73 14 55 48 11 45 76 74 42 89 16 26 33 -1 51 37 38 84 75 7 30 98 33 53 74 57 40 66 90 20 55 8 83 56 28 
76 14 66 33 40 29 49 86 14 28 88 49 75 53 12 22 87 49 36 35 74 97 78 20 55 15 60 86 18 71 44 8 30 69 20 48 81 96 60 17 59 83 28 86 81 96 57 34 32 7 49 98 83 71 94 29 41 80 34 56 76 69 22 48 94 27 32 93 87 61 15 83 80 51 65 78 44 34 51 -1 17 79 93 73 100 41 9 70 39 91 39 50 7 28 79 15 20 80 71 61 
62 91 20 30 56 63 81 89 8 21 22 86 80 91 64 33 36 98 59 22 17 76 69 31 33 10 2 76 84 99 91 44 1 61 22 45 79 76 37 2 96 34 1 96 17 78 64 58 22 31 70 42 4 21 67 59 66 65 51 48 59 23 79 24 89 63 62 21 91 39 93 59 53 92 82 60 80 11 37 17 -1 9 71 1 30 100 5 3 43 60 82 26 4 19 24 2 75 18 26 27 
4 76 84 96 20 36 21 76 67 48 76 69 23 45 68 40 64 14 78 13 46 73 89 28 91 38 26 57 94 40 22 4 57 47 89 71 99 41 81 15 88 29 15 56 29 86 100 76 99 76 30 12 18 12 15 94 23 37 78 25 87 67 44 19 89 28 27 3 69 100 97 91 55 100 79 49 16 52 38 79 9 -1 38 79 36 16 6 65 92 31 91 67 84 81 55 77 80 75 64 17 
85 94 20 59 10 5 13 36 94 13 98 82 31 69 4 5 11 67 38 45 79 91 1 48 69 89 5 28 65 47 3 95 20 23 73 79 74 38 56 9 85 93 30 21 19 81 61 38 64 18 100 8 100 15 29 19 25 76 45 21 72 63 83 12 21 96 56 75 54 85 51 90 41 39 19 23 12 5 84 93 71 38 -1 17 82 75 57 21 53 47 71 18 12 87 51 21 53 51 56 76 
62 24 41 90 88 9 22 31 30 22 96 36 72 87 56 6 39 10 16 72 93 29 55 84 91 85 22 60 34 19 49 89 10 17 30 31 53 73 8 40 50 34 12 99 8 18 86 79 38 65 93 35 57 23 92 60 53 38 95 81 95 18 16 69 1 74 26 80 6 23 34 97 34 97 16 73 71 37 75 73 1 79 17 -1 48 22 30 62 59 65 94 34 83 16 21 45 74 86 5 44 
68 66 42 77 2 80 66 16 83 64 27 16 13 60 18 17 73 35 65 15 20 99 14 7 100 86 92 20 46 1 61 19 49 8 53 60 62 25 79 1 47 27 81 94 8 42 93 51 57 26 5 65 64 48 83 12 7 33 50 15 5 18 73 36 10 6 71 29 83 36 1 93 18 90 9 62 22 80 7 100 30 36 82 48 -1 86 66 44 73 73 36 87 36 47 66 92 9 94 53 31 
16 26 16 23 86 45 32 2 68 88 84 73 71 57 17 55 13 32 65 83 16 95 43 50 12 98 98 64 25 23 82 5 96 69 51 72 9 66 86 50 97 41 92 28 12 29 20 68 75 14 69 62 69 11 55 31 15 70 68 69 82 42 13 41 55 65 33 28 31 22 32 18 53 83 100 87 84 80 30 41 100 16 75 22 86 -1 98 27 25 33 86 79 41 60 32 85 50 47 81 46 
98 75 48 53 82 24 98 32 47 47 36 39 29 76 3 60 12 90 63 49 39 84 5 24 88 63 44 90 52 39 57 13 33 44 17 12 72 18 73 53 11 87 78 100 36 85 5 48 50 47 29 11 89 14 35 93 100 97 86 46 2 15 8 83 77 22 15 20 60 100 90 32 87 4 72 44 96 1 98 9 5 6 57 30 66 98 -1 28 66 52 80 81 40 27 95 68 68 53 66 88 
47 49 36 28 12 98 69 71 24 87 14 12 62 84 63 96 34 9 12 96 51 74 24 51 5 83 64 43 25 77 68 27 16 70 27 16 77 24 30 46 38 70 82 80 7 93 30 84 7 60 34 76 41 13 39 95 6 19 52 38 15 41 5 4 64 72 12 32 88 35 74 44 86 67 37 10 18 42 33 70 3 65 21 62 44 27 28 -1 28 5 32 87 3 86 8 36 32 27 80 82 
36 1 49 14 51 16 8 62 13 93 81 13 44 37 94 85 25 50 59 75 85 96 100 63 68 16 19 23 63 5 53 1 82 57 82 17 92 55 89 65 63 6 16 42 95 62 15 34 16 86 17 39 26 28 4 78 49 48 10 54 30 87 66 77 57 67 96 83 99 15 59 77 3 58 24 31 15 80 53 39 43 92 53 59 73 25 66 28 -1 18 48 93 56 62 41 14 7 7 25 71 
81 59 14 14 22 64 80 72 3 33 19 25 85 76 29 55 17 83 14 62 68 49 68 40 14 95 8 58 67 3 44 4 61 57 4 59 33 15 95 34 1 2 21 38 100 78 12 32 67 95 43 42 85 77 30 42 63 28 70 83 60 4 37 50 80 1 63 63 43 49 87 5 72 20 74 57 36 19 74 91 60 31 47 65 73 33 52 5 18 -1 84 84 62 28 31 80 29 92 10 72 
11 80 32 66 76 85 5 54 20 54 79 63 56 14 91 82 50 54 93 39 83 77 40 85 85 76 31 98 68 31 4 21 87 93 23 74 23 72 80 86 29 99 83 58 78 39 29 59 56 5 83 86 83 91 44 8 49 7 57 8 37 86 72 2 98 47 44 70 59 26 80 36 27 28 42 27 75 20 57 39 82 91 71 94 36 86 80 32 48 84 -1 96 10 79 30 10 38 7 18 85 
63 75 38 83 6 93 75 24 87 74 68 16 42 49 43 57 94 25 31 80 2 5 71 61 83 98 3 89 4 96 89 90 74 24 25 46 64 82 55 67 6 20 86 73 87 23 86 60 77 1 53 50 68 19 66 80 88 9 2 37 73 74 44 8 46 95 64 31 62 43 28 75 33 88 51 59 76 37 40 50 26 67 18 34 87 79 81 87 93 84 96 -1 36 90 83 22 7 49 41 76 
12 6 4 45 69 1 32 83 21 1 44 68 35 21 72 99 12 9 91 31 37 94 12 32 63 53 3 31 100 43 35 14 60 78 79 82 15 66 38 15 31 6 51 16 48 88 75 44 96 62 21 59 63 88 29 10 91 62 67 30 68 53 35 37 13 90 59 22 66 74 9 19 69 79 81 9 23 28 66 7 4 84 12 83 36 41 40 3 56 62 10 36 -1 74 10 86 49 87 96 18 
90 99 50 42 21 22 93 40 90 63 50 78 97 82 95 56 60 44 38 78 11 91 32 77 82 23 88 69 48 64 54 36 16 78 6 55 77 48 11 11 26 64 94 46 54 96 74 56 83 44 65 73 29 7 72 52 54 19 64 68 11 48 6 52 93 26 42 52 6 77 79 64 90 8 51 93 19 78 90 28 19 81 87 16 47 60 27 86 62 28 79 90 74 -1 47 26 20 73 24 22 
86 74 98 64 56 100 23 6 99 12 63 55 77 85 29 45 92 21 52 16 26 77 64 37 33 40 47 58 26 1 62 12 95 43 88 54 83 8 33 83 17 77 10 73 35 80 42 32 27 37 6 39 78 41 48 23 28 78 56 70 42 52 52 23 100 44 25 37 65 11 81 38 50 22 60 24 48 24 20 79 24 55 51 21 66 32 95 8 41 31 30 83 10 47 -1 7 80 83 5 56 
23 53 65 73 25 22 87 80 91 57 93 30 81 2 17 96 31 27 60 65 29 92 70 26 46 79 12 83 53 81 77 36 58 17 41 77 32 17 36 89 72 18 93 87 98 7 35 97 68 79 97 67 32 38 30 91 47 22 30 52 34 94 57 18 36 24 5 74 84 31 19 44 74 16 14 47 41 63 55 15 2 77 21 45 92 85 68 36 14 80 10 22 86 26 7 -1 91 63 48 49 
77 81 57 79 10 47 61 16 44 3 59 44 90 76 9 40 97 23 10 31 3 71 12 87 2 91 81 84 100 51 39 28 8 89 66 82 25 30 51 53 34 10 33 31 18 17 62 34 49 83 59 95 30 26 50 25 54 56 97 91 42 88 37 70 70 57 82 27 16 27 9 28 63 87 24 93 99 32 8 20 75 80 53 74 9 50 68 32 7 29 38 7 49 20 80 91 -1 10 10 63 
21 35 32 22 51 5 92 24 24 93 17 97 86 46 68 38 77 56 48 59 81 56 80 3 47 35 51 73 61 49 4 16 6 64 36 99 3 90 53 62 23 92 84 95 28 2 25 44 96 100 21 3 80 100 71 70 54 100 63 41 42 14 10 26 42 73 68 28 12 31 84 14 18 81 89 31 23 78 83 80 18 75 51 86 94 47 53 27 7 92 7 49 87 73 83 63 10 -1 39 88 
77 14 84 87 85 42 49 35 66 93 76 94 45 3 89 75 22 99 78 84 78 80 5 12 20 97 94 31 69 52 83 57 18 48 3 20 29 4 78 52 79 98 60 100 85 76 3 15 9 6 81 100 16 77 2 22 62 76 79 46 85 35 56 81 21 47 82 28 92 63 78 53 32 14 44 69 98 95 56 71 26 64 56 5 53 81 66 80 25 10 18 41 96 24 5 48 10 39 -1 52 
42 61 37 36 41 60 1 15 92 49 4 46 35 57 66 56 67 11 25 23 57 14 18 1 15 12 15 15 51 28 59 78 27 24 87 79 46 96 62 81 76 88 68 20 90 20 33 76 88 28 54 92 98 31 68 67 17 64 54 99 83 86 59 8 56 52 52 73 18 58 65 80 98 28 89 96 96 7 28 61 27 17 76 44 31 46 88 82 71 72 85 76 18 22 56 49 63 88 52 -1 
